The number of combinations = 163




combinations (3 value for each combination);

[2, 2, 2, 2, 11, 5, 5, 10, 5, 7, 524, 65, 9, 46, 13, 10, 5, 5, 10, 30, 10, 10, 198, 34, 11, 2, 5, 16, 16, 8, 16, 88, 20, 17, 68, 17, 18, 26, 10, 26, 18, 10, 26, 39, 13, 26, 130, 26, 30, 10, 65, 68, 17, 17, 72, 368, 52, 74, 110, 26, 75, 100, 25, 80, 40, 20, 80, 240, 40, 82, 738, 82, 88, 16, 20, 88, 835, 89, 100, 75, 25, 102, 170, 34, 106, 371, 53, 107, 198, 37, 110, 74, 26, 
115, 236, 41, 117, 44, 25, 120, 35, 25, 128, 128, 32, 128, 704, 80, 130, 26, 26, 135, 270, 45, 136, 544, 68, 140, 505, 65, 142, 65, 29, 144, 208, 40, 145, 58, 29, 146, 322, 50, 154, 414, 58, 164, 205, 41, 170, 102, 34, 170, 310, 50, 170, 765, 85, 174, 406, 58, 182, 610, 74, 191, 488, 65, 198, 10, 34, 198, 107, 37, 205, 164, 41, 208, 144, 40, 208, 312, 52, 208, 481, 65, 210, 755, 85, 219, 584, 73, 222, 37, 37, 234, 415, 61, 236, 115, 41, 240, 80, 40, 242, 702, 82, 250, 250, 50, 259, 286, 53, 260, 455, 65, 270, 135, 45, 270, 810, 90, 280, 960, 100, 285, 730, 85, 286, 259, 53, 296, 549, 73, 297, 54, 45, 297, 908, 97, 299, 970, 101, 305, 366, 61, 310, 170, 50, 312, 208, 52, 320, 415, 65, 320, 640, 80, 322, 146, 50, 323, 714, 85, 350, 50, 50, 352, 936, 100, 364, 377, 65, 366, 305, 61, 368, 72, 52, 370, 518, 74, 371, 106, 53, 376, 416, 68, 377, 364, 65, 388, 873, 97, 406, 174, 58, 413, 666, 85, 414, 154, 58, 415, 234, 61, 415, 320, 
65, 416, 376, 68, 432, 432, 72, 445, 712, 89, 455, 260, 65, 478, 621, 85, 481, 208, 65, 486, 702, 90, 488, 191, 65, 505, 140, 65, 510, 595, 85, 518, 370, 74, 520, 65, 65, 524, 7, 65, 530, 
954, 106, 544, 136, 68, 549, 296, 73, 584, 219, 73, 592, 880, 104, 595, 510, 85, 600, 800, 100, 610, 182, 74, 621, 478, 85, 640, 320, 80, 666, 413, 85, 686, 686, 98, 702, 242, 82, 702, 486, 90, 704, 128, 80, 712, 445, 89, 714, 323, 85, 730, 285, 85, 730, 873, 109, 738, 82, 82, 755, 210, 85, 765, 170, 85, 782, 51, 85, 791, 904, 113, 800, 600, 100, 810, 270, 90, 835, 88, 89, 
873, 388, 97, 873, 730, 109, 880, 592, 104, 904, 791, 113, 908, 297, 97, 936, 352, 100, 954, 530, 106, 960, 280, 100, 970, 299, 101]